147013
147055
149573
151860
153366
155882
158462
161119
163609
166903
170283
173114
175669
178557
180967
183400
185828
188184
190545
192777
194986
197292
199555
202035
204685
207148
209719
212704
214870
217578
219307
221958
224742
227577
230458
233576
236677
240063
243752
247582
251381
254772
258290
261577
264882
268203
271283
274365
277883
281394
284856
288392
292000
295371
298998
302575
305089
308630
318314
378914
421147
459368
501602
555894
578282
603691
628857
645225
663758
679755
694105
709582
724038
741830
762087
782171
